5.345756498280203495e+00
5.554313115579272875e+00
3.908481920663522846e+00
5.155390110677693372e+00
4.509296093060654265e+00
4.505619138400001056e+00
4.492082191349904718e+00
4.976454760450143233e+00
5.246270839988495638e+00
5.739465696172548093e+00
5.317073459247915856e+00
6.091361094932515208e+00
4.412158063307843214e+00
6.747621445069111878e+00
4.118709160891209642e+00
6.350247702908783154e+00
5.611589771071833432e+00
5.731616410582438093e+00
4.308575330758667832e+00
4.402685345018369389e+00
6.529282012245844591e+00
6.927986747662760791e+00
4.837116431806405714e+00
6.090046904058216803e+00
6.443167203703676016e+00
6.893229600733207896e+00
4.120994064673534574e+00
4.484516661140296456e+00
4.630538751230947270e+00
6.812501067259359111e+00
3.966566947776837271e+00
5.314137604932755998e+00
7.095835525780388231e+00
5.313385674376671197e+00
5.995765790050333166e+00
4.956331257026196369e+00
5.647567586970724030e+00
6.598424833304806114e+00
4.308713026308085503e+00
5.992578162585306067e+00
7.071747060318715583e+00
5.850811939768288283e+00
4.829723323413400493e+00
5.883106278943476930e+00
4.646103332203625591e+00
5.466350739908763856e+00
6.718401422516553367e+00
4.648293959370290551e+00
5.245452794806679364e+00
4.980216241131254051e+00
3.500706314276865960e+00
6.407355807955519289e+00
5.123179573944849352e+00
4.898043487089021042e+00
5.114939068140459177e+00
4.419091230614447419e+00
5.668076725852594144e+00
4.259009536379453564e+00
5.398899170009764603e+00
6.264436328855658154e+00
4.544845346259282159e+00
5.055108744554767775e+00
6.239373374305246855e+00
4.899235391693764541e+00
4.390418686399664594e+00
5.621659407273777553e+00
5.935413004087161326e+00
5.514143574416181970e+00
7.094450115074200980e+00
5.984788613465481077e+00
6.869045343169462470e+00
4.453734475437927998e+00
4.441175380126087369e+00
6.607687944728128926e+00
5.262778878710221875e+00
4.700828013410143669e+00
6.689490709132683399e+00
4.312846250004377602e+00
6.564083689966290436e+00
6.834087850143631293e+00
6.782327606688004273e+00
5.840970051181776590e+00
6.211893878913201661e+00
5.010978769601083904e+00
4.815006497785079276e+00
6.351053035964134175e+00
5.129145232237815932e+00
6.595412093150078370e+00
6.064964241871675377e+00
5.776094814916106657e+00
4.492801316053513183e+00
6.796056828198463684e+00
5.645636956786194816e+00
5.799229013562027468e+00
5.881620326974762669e+00
4.142172663861755311e+00
6.516063555210289238e+00
5.991484527511470759e+00
4.767108693135396535e+00
5.776844307547533752e+00
