5.251066014107721891e+00
6.160973480326473961e+00
4.000343124452034438e+00
4.906997717895519528e+00
4.440267672451339465e+00
4.277015784306393620e+00
4.558780634133012377e+00
5.036682181129142677e+00
5.190302422692010254e+00
5.616450202010071280e+00
5.257583543209884525e+00
6.055658501190277931e+00
4.613356749194552187e+00
6.634352309172836470e+00
4.082162779593778268e+00
6.011402530535207234e+00
5.251914407101381244e+00
5.676069485337254861e+00
4.421160815785701637e+00
4.594304467254636037e+00
6.402233706026610349e+00
6.904784727158192581e+00
4.940272534477728072e+00
6.076967847007942680e+00
6.629167456888114707e+00
6.683819990511541853e+00
4.255132634109333623e+00
4.117164349698646753e+00
4.509491258693707039e+00
6.634427510288238850e+00
4.295040501499149954e+00
5.263322875015155944e+00
6.873668590451505800e+00
5.599495854919051219e+00
6.075631341851419620e+00
4.946546893018188840e+00
6.059502783044750984e+00
6.503877015692118846e+00
4.054864832032575528e+00
6.250432944834901861e+00
6.966583266719483802e+00
6.244496963139518186e+00
4.841331976193215425e+00
6.367837985354465324e+00
4.309678019732926302e+00
5.343680578527715497e+00
6.725786509279286562e+00
4.880842445121038153e+00
4.863326015759046328e+00
4.390085716354833245e+00
4.058100873610891668e+00
6.036506598819673108e+00
4.634884348000177567e+00
4.796639978116678193e+00
5.474719477841015092e+00
4.160087635351240820e+00
5.722352816476039550e+00
4.440185724717430560e+00
5.767916610709852954e+00
6.099275080062793286e+00
4.307003286483477744e+00
5.242167963458705060e+00
6.083200473183235424e+00
5.242537808580707726e+00
4.149860376838261367e+00
5.607689217746534283e+00
5.991383935659365889e+00
5.544667336174925687e+00
6.833784267972440318e+00
5.759665121505978647e+00
6.710205745863650151e+00
4.412424112438712243e+00
4.417829041752275643e+00
6.422173866128571440e+00
5.193030510956600843e+00
4.496062591350797888e+00
6.782525741188101698e+00
5.043297579236519113e+00
6.252436309408466286e+00
6.177993956051354374e+00
6.649918273617429598e+00
5.871016621166826432e+00
6.252827302082011762e+00
5.046695025933527035e+00
4.809783675295077998e+00
6.687658654588200413e+00
5.284273569613884725e+00
6.894520141445156902e+00
5.990324493455344346e+00
5.865087160627365570e+00
4.344237918860125447e+00
6.848467776121213824e+00
5.349736400439821793e+00
5.735168843161394747e+00
5.224410408283842955e+00
4.711080940729083011e+00
6.710138561686761705e+00
5.721038460016857563e+00
4.008610981093476688e+00
5.851434740862171857e+00
